{
  "camera_angle_x": 1.7974531102846423,
  "is_opengl": false,
  "frames": [
    {
      "file_path": "rgb_0",
      "transform_matrix": [
        [
          -0.7296880483627319,
          -0.3011114001274109,
          0.613911509513855,
          -0.5619890093803406
        ],
        [
          -0.6799179315567017,
          0.414803683757782,
          -0.6046894788742065,
          0.5287233591079712
        ],
        [
          -0.07257387787103653,
          -0.8586442470550537,
          -0.5074082612991333,
          0.2354564368724823
        ],
        [
          0.0,
          0.0,
          0.0,
          1.0
        ]
      ]
    },
    {
      "file_path": "rgb_1",
      "transform_matrix": [
        [
          -0.7402147054672241,
          -0.3545833230018616,
          0.5712730884552002,
          -0.5637612342834473
        ],
        [
          -0.6695175766944885,
          0.4668939411640167,
          -0.5777163505554199,
          0.49349483847618103
        ],
        [
          -0.06187538802623749,
          -0.8101115822792053,
          -0.5830016136169434,
          0.3850283622741699
        ],
        [
          0.0,
          0.0,
          0.0,
          1.0
        ]
      ]
    },
    {
      "file_path": "rgb_2",
      "transform_matrix": [
        [
          -0.522322416305542,
          -0.3639886975288391,
          0.7711626291275024,
          -0.7678398489952087
        ],
        [
          -0.849660336971283,
          0.29902908205986023,
          -0.43434879183769226,
          0.38519802689552307
        ],
        [
          -0.07250198721885681,
          -0.8820963501930237,
          -0.4654562473297119,
          0.2387477457523346
        ],
        [
          0.0,
          0.0,
          0.0,
          1.0
        ]
      ]
    },
    {
      "file_path": "rgb_3",
      "transform_matrix": [
        [
          -0.5652458667755127,
          -0.42380625009536743,
          0.7077326774597168,
          -0.7255067229270935
        ],
        [
          -0.8242350220680237,
          0.3251739740371704,
          -0.4635714292526245,
          0.3427140414714813
        ],
        [
          -0.03367180377244949,
          -0.8453698754310608,
          -0.5331189632415771,
          0.38057905435562134
        ],
        [
          0.0,
          0.0,
          0.0,
          1.0
        ]
      ]
    },
    {
      "file_path": "rgb_4",
      "transform_matrix": [
        [
          0.08135533332824707,
          -0.2750905752182007,
          0.9579699635505676,
          -0.9448975324630737
        ],
        [
          -0.9950560331344604,
          0.03251463174819946,
          0.09384170174598694,
          -0.07514740526676178
        ],
        [
          -0.056962765753269196,
          -0.9608684182167053,
          -0.27108529210090637,
          0.20046229660511017
        ],
        [
          0.0,
          0.0,
          0.0,
          1.0
        ]
      ]
    },
    {
      "file_path": "rgb_5",
      "transform_matrix": [
        [
          0.10939371585845947,
          -0.33210963010787964,
          0.9368759989738464,
          -0.9344414472579956
        ],
        [
          -0.9906765818595886,
          0.04056441783905029,
          0.1300552785396576,
          -0.09328694641590118
        ],
        [
          -0.08119641244411469,
          -0.9423682689666748,
          -0.3245757818222046,
          0.32605263590812683
        ],
        [
          0.0,
          0.0,
          0.0,
          1.0
        ]
      ]
    },
    {
      "file_path": "rgb_6",
      "transform_matrix": [
        [
          0.6711649894714355,
          -0.26036936044692993,
          0.6940789222717285,
          -0.7689904570579529
        ],
        [
          -0.7400088310241699,
          -0.17991210520267487,
          0.6480882167816162,
          -0.5041677951812744
        ],
        [
          -0.04386909306049347,
          -0.9485986828804016,
          -0.3134263753890991,
          0.14932574331760406
        ],
        [
          0.0,
          0.0,
          0.0,
          1.0
        ]
      ]
    },
    {
      "file_path": "rgb_7",
      "transform_matrix": [
        [
          0.6322665214538574,
          -0.3053322434425354,
          0.7120473384857178,
          -0.7353971004486084
        ],
        [
          -0.7740287780761719,
          -0.20927147567272186,
          0.597565770149231,
          -0.4900016188621521
        ],
        [
          -0.03344482183456421,
          -0.9289659261703491,
          -0.36865127086639404,
          0.34730789065361023
        ],
        [
          0.0,
          0.0,
          0.0,
          1.0
        ]
      ]
    },
    {
      "file_path": "rgb_8",
      "transform_matrix": [
        [
          0.8991961479187012,
          -0.1994684934616089,
          0.38943395018577576,
          -0.45070597529411316
        ],
        [
          -0.4367818236351013,
          -0.356632798910141,
          0.8258538842201233,
          -0.6930211186408997
        ],
        [
          -0.025846928358078003,
          -0.912702202796936,
          -0.40780699253082275,
          0.16051262617111206
        ],
        [
          0.0,
          0.0,
          0.0,
          1.0
        ]
      ]
    },
    {
      "file_path": "rgb_9",
      "transform_matrix": [
        [
          0.9134421348571777,
          -0.20220588147640228,
          0.35318025946617126,
          -0.43691977858543396
        ],
        [
          -0.40599873661994934,
          -0.3928900957107544,
          0.8251073360443115,
          -0.6656560301780701
        ],
        [
          -0.028080537915229797,
          -0.8970786333084106,
          -0.44097772240638733,
          0.35176849365234375
        ],
        [
          0.0,
          0.0,
          0.0,
          1.0
        ]
      ]
    },
    {
      "file_path": "rgb_10",
      "transform_matrix": [
        [
          0.9822520613670349,
          0.08198639005422592,
          -0.1686985194683075,
          0.0076306969858706
        ],
        [
          0.18755152821540833,
          -0.4181903302669525,
          0.8887864351272583,
          -1.0
        ],
        [
          0.0023202896118164062,
          -0.904651939868927,
          -0.4261450171470642,
          0.16371259093284607
        ],
        [
          0.0,
          0.0,
          0.0,
          1.0
        ]
      ]
    },
    {
      "file_path": "rgb_11",
      "transform_matrix": [
        [
          0.9878519177436829,
          0.05709486082196236,
          -0.14452999830245972,
          0.015752673149108887
        ],
        [
          0.15535375475883484,
          -0.3851793706417084,
          0.9096712470054626,
          -0.9692085981369019
        ],
        [
          -0.003732353448867798,
          -0.921073853969574,
          -0.3893699645996094,
          0.33242106437683105
        ],
        [
          0.0,
          0.0,
          0.0,
          1.0
        ]
      ]
    },
    {
      "file_path": "rgb_12",
      "transform_matrix": [
        [
          0.8622932434082031,
          0.19240158796310425,
          -0.4684356451034546,
          0.4228801429271698
        ],
        [
          0.5058611631393433,
          -0.28423500061035156,
          0.8144413828849792,
          -0.8643767833709717
        ],
        [
          0.023553989827632904,
          -0.9392507672309875,
          -0.3424224853515625,
          0.16076333820819855
        ],
        [
          0.0,
          0.0,
          0.0,
          1.0
        ]
      ]
    },
    {
      "file_path": "rgb_13",
      "transform_matrix": [
        [
          0.8527729511260986,
          0.1969785988330841,
          -0.4837125837802887,
          0.40503349900245667
        ],
        [
          0.5218159556388855,
          -0.28222182393074036,
          0.8050211668014526,
          -0.8562441468238831
        ],
        [
          0.02205771952867508,
          -0.9389091730117798,
          -0.3434576988220215,
          0.3475381135940552
        ],
        [
          0.0,
          0.0,
          0.0,
          1.0
        ]
      ]
    },
    {
      "file_path": "rgb_14",
      "transform_matrix": [
        [
          0.6022222638130188,
          0.27761518955230713,
          -0.7485039830207825,
          0.7593526244163513
        ],
        [
          0.7978608012199402,
          -0.17720924317836761,
          0.5762073397636414,
          -0.6414710879325867
        ],
        [
          0.027322079986333847,
          -0.944206953048706,
          -0.3282175064086914,
          0.16453541815280914
        ],
        [
          0.0,
          0.0,
          0.0,
          1.0
        ]
      ]
    },
    {
      "file_path": "rgb_15",
      "transform_matrix": [
        [
          0.6202510595321655,
          0.28528767824172974,
          -0.7306842803955078,
          0.7297824621200562
        ],
        [
          0.7837997078895569,
          -0.18887555599212646,
          0.591594398021698,
          -0.6368982791900635
        ],
        [
          0.03076617792248726,
          -0.9396472573280334,
          -0.34075868129730225,
          0.36942926049232483
        ],
        [
          0.0,
          0.0,
          0.0,
          1.0
        ]
      ]
    },
    {
      "file_path": "rgb_16",
      "transform_matrix": [
        [
          0.9488714337348938,
          0.08747769892215729,
          -0.30329975485801697,
          0.7790161371231079
        ],
        [
          0.31459105014801025,
          -0.3411717414855957,
          0.8857957720756531,
          -0.6300514936447144
        ],
        [
          -0.025989949703216553,
          -0.9359216094017029,
          -0.3512478470802307,
          0.18003982305526733
        ],
        [
          0.0,
          0.0,
          0.0,
          1.0
        ]
      ]
    },
    {
      "file_path": "rgb_17",
      "transform_matrix": [
        [
          0.9356125593185425,
          0.023954734206199646,
          -0.35221531987190247,
          0.76975017786026
        ],
        [
          0.3524390161037445,
          -0.12103264033794403,
          0.9279751777648926,
          -0.6182044744491577
        ],
        [
          -0.020400121808052063,
          -0.9923595190048218,
          -0.12168223410844803,
          0.27635374665260315
        ],
        [
          0.0,
          0.0,
          0.0,
          1.0
        ]
      ]
    },
    {
      "file_path": "rgb_18",
      "transform_matrix": [
        [
          0.8855783343315125,
          0.11619100719690323,
          -0.44972318410873413,
          0.7583330869674683
        ],
        [
          0.46151578426361084,
          -0.11071066558361053,
          0.8801966905593872,
          -0.6370843052864075
        ],
        [
          0.05248182266950607,
          -0.9870374798774719,
          -0.15166696906089783,
          0.39416947960853577
        ],
        [
          0.0,
          0.0,
          0.0,
          1.0
        ]
      ]
    },
    {
      "file_path": "rgb_19",
      "transform_matrix": [
        [
          -0.4877606928348541,
          0.46262165904045105,
          -0.7403180003166199,
          0.6488068103790283
        ],
        [
          0.872900128364563,
          0.26973843574523926,
          -0.406554251909256,
          0.02546445094048977
        ],
        [
          0.011611446738243103,
          -0.8445249199867249,
          -0.5353904366493225,
          0.21095409989356995
        ],
        [
          0.0,
          0.0,
          0.0,
          1.0
        ]
      ]
    },
    {
      "file_path": "rgb_20",
      "transform_matrix": [
        [
          -0.472225546836853,
          0.22485508024692535,
          -0.8523164391517639,
          0.6254935264587402
        ],
        [
          0.8814194202423096,
          0.13157904148101807,
          -0.4536372125148773,
          -0.005229773931205273
        ],
        [
          0.010144352912902832,
          -0.9654672741889954,
          -0.26032668352127075,
          0.3938984274864197
        ],
        [
          0.0,
          0.0,
          0.0,
          1.0
        ]
      ]
    },
    {
      "file_path": "rgb_21",
      "transform_matrix": [
        [
          -0.2985052466392517,
          0.48333680629730225,
          -0.8229703903198242,
          0.5541793704032898
        ],
        [
          0.9540212154388428,
          0.17565497756004333,
          -0.24287596344947815,
          0.20485283434391022
        ],
        [
          0.027167901396751404,
          -0.8576308488845825,
          -0.5135475397109985,
          0.20328351855278015
        ],
        [
          0.0,
          0.0,
          0.0,
          1.0
        ]
      ]
    },
    {
      "file_path": "rgb_22",
      "transform_matrix": [
        [
          -0.34208932518959045,
          0.29916495084762573,
          -0.8907725811004639,
          0.5144752860069275
        ],
        [
          0.9376680850982666,
          0.17048591375350952,
          -0.3028412461280823,
          0.1804172545671463
        ],
        [
          0.06126458942890167,
          -0.9388477802276611,
          -0.33883893489837646,
          0.42173683643341064
        ],
        [
          0.0,
          0.0,
          0.0,
          1.0
        ]
      ]
    },
    {
      "file_path": "rgb_23",
      "transform_matrix": [
        [
          -0.9435759782791138,
          0.19449104368686676,
          -0.26802557706832886,
          0.16791494190692902
        ],
        [
          0.33033275604248047,
          0.49575090408325195,
          -0.8031882047653198,
          0.7208064198493958
        ],
        [
          -0.023338988423347473,
          -0.8464067578315735,
          -0.5320252776145935,
          0.2437758445739746
        ],
        [
          0.0,
          0.0,
          0.0,
          1.0
        ]
      ]
    },
    {
      "file_path": "rgb_24",
      "transform_matrix": [
        [
          -0.9497737884521484,
          0.11955927312374115,
          -0.2891976833343506,
          0.14652720093727112
        ],
        [
          0.31281593441963196,
          0.38844504952430725,
          -0.8667505979537964,
          0.6800077557563782
        ],
        [
          0.008709326386451721,
          -0.9136826992034912,
          -0.4063349962234497,
          0.4434197247028351
        ],
        [
          0.0,
          0.0,
          0.0,
          1.0
        ]
      ]
    },
    {
      "file_path": "rgb_25",
      "transform_matrix": [
        [
          -0.9566903710365295,
          -0.0040130168199539185,
          -0.2910802364349365,
          0.16587385535240173
        ],
        [
          0.29109394550323486,
          -0.022963181138038635,
          -0.9564188718795776,
          0.7443682551383972
        ],
        [
          -0.002846062183380127,
          -0.999728262424469,
          0.023136798292398453,
          0.32298794388771057
        ],
        [
          0.0,
          0.0,
          0.0,
          1.0
        ]
      ]
    }
  ]
}